24
5036.28149 0 1873.848631 5108.797293 1357.065391 0 0 0 0 3888 2592
5036.28149 0 1873.848631 5108.797293 1357.065391 0 0 0 0 3888 2592
5036.28149 0 1873.848631 5108.797293 1357.065391 0 0 0 0 3888 2592
5036.28149 0 1873.848631 5108.797293 1357.065391 0 0 0 0 3888 2592
5036.28149 0 1873.848631 5108.797293 1357.065391 0 0 0 0 3888 2592
5036.28149 0 1873.848631 5108.797293 1357.065391 0 0 0 0 3888 2592
5036.28149 0 1873.848631 5108.797293 1357.065391 0 0 0 0 3888 2592
5036.28149 0 1873.848631 5108.797293 1357.065391 0 0 0 0 3888 2592
5036.28149 0 1873.848631 5108.797293 1357.065391 0 0 0 0 3888 2592
5036.28149 0 1873.848631 5108.797293 1357.065391 0 0 0 0 3888 2592
5036.28149 0 1873.848631 5108.797293 1357.065391 0 0 0 0 3888 2592
5036.28149 0 1873.848631 5108.797293 1357.065391 0 0 0 0 3888 2592
5036.28149 0 1873.848631 5108.797293 1357.065391 0 0 0 0 3888 2592
5036.28149 0 1873.848631 5108.797293 1357.065391 0 0 0 0 3888 2592
5036.28149 0 1873.848631 5108.797293 1357.065391 0 0 0 0 3888 2592
5036.28149 0 1873.848631 5108.797293 1357.065391 0 0 0 0 3888 2592
5036.28149 0 1873.848631 5108.797293 1357.065391 0 0 0 0 3888 2592
5036.28149 0 1873.848631 5108.797293 1357.065391 0 0 0 0 3888 2592
5036.28149 0 1873.848631 5108.797293 1357.065391 0 0 0 0 3888 2592
5036.28149 0 1873.848631 5108.797293 1357.065391 0 0 0 0 3888 2592
5036.28149 0 1873.848631 5108.797293 1357.065391 0 0 0 0 3888 2592
5036.28149 0 1873.848631 5108.797293 1357.065391 0 0 0 0 3888 2592
5036.28149 0 1873.848631 5108.797293 1357.065391 0 0 0 0 3888 2592
5036.28149 0 1873.848631 5108.797293 1357.065391 0 0 0 0 3888 2592
