0 1
 1 0 0 -0 
 0 1 0 -0 
 0 0 1 -0 

0 1
 0.998526 0.0501969 0.0344685 -0.118692 
 -0.0412733 0.974287 -0.223211 0.776618 
 -0.0447696 0.221375 0.974552 0.100285 

0 1
 0.991785 0.0981274 0.0552492 -0.187146 
 -0.0688675 0.915974 -0.390601 1.3619 
 -0.0890996 0.384295 0.916896 0.311083 

0 1
 0.980619 0.159872 0.0782808 -0.259234 
 -0.0826806 0.797206 -0.59239 2.05452 
 -0.157641 0.576371 0.797651 0.743002 

0 1
 0.96382 0.225103 0.0691994 -0.224924 
 -0.0977581 0.647664 -0.74524 2.5873 
 -0.214251 0.717125 0.651335 1.25313 

0 1
 0.925208 0.298954 0.0713485 -0.215993 
 -0.0558233 0.386009 -0.893508 3.0758 
 -0.302238 0.843859 0.383443 2.20145 


