13
1655.62661 0 973.68087 1650.12376 739.26729 0 0 0 0 2000 1500
1655.62661 0 973.68087 1650.12376 739.26729 0 0 0 0 2000 1500
1655.62661 0 973.68087 1650.12376 739.26729 0 0 0 0 2000 1500
1655.62661 0 973.68087 1650.12376 739.26729 0 0 0 0 2000 1500
1655.62661 0 973.68087 1650.12376 739.26729 0 0 0 0 2000 1500
1655.62661 0 973.68087 1650.12376 739.26729 0 0 0 0 2000 1500
1655.62661 0 973.68087 1650.12376 739.26729 0 0 0 0 2000 1500
1655.62661 0 973.68087 1650.12376 739.26729 0 0 0 0 2000 1500
1655.62661 0 973.68087 1650.12376 739.26729 0 0 0 0 2000 1500
1655.62661 0 973.68087 1650.12376 739.26729 0 0 0 0 2000 1500
1655.62661 0 973.68087 1650.12376 739.26729 0 0 0 0 2000 1500
1655.62661 0 973.68087 1650.12376 739.26729 0 0 0 0 2000 1500
1655.62661 0 973.68087 1650.12376 739.26729 0 0 0 0 2000 1500
